  6.96267519382030521E-006
  7.69390396346966814E-006
  8.50192728387410480E-006
  9.39481021383662283E-006
  1.03814648146214267E-005
  1.14717391032011024E-005
  1.26765153474839577E-005
  1.40078186846278517E-005
  1.54789371465838048E-005
  1.71045542908708326E-005
  1.89008957603989597E-005
  2.08858912351863090E-005
  2.30793533924460136E-005
  2.55031756612830858E-005
  2.81815507458343783E-005
  3.11412120979792203E-005
  3.44117007498131902E-005
  3.80256601691986003E-005
  4.20191620814099444E-005
  4.64320665089720683E-005
  5.13084196233278022E-005
  5.66968933793804295E-005
  6.26512713210000032E-005
  6.92309854064256466E-005
  7.65017092117360964E-005
  8.45360134332830962E-005
  9.34140902318023600E-005
  1.03224553648039415E-004
  1.14065324079015929E-004
  1.26044605643088159E-004
  1.39281966189094548E-004
  1.53909530729400891E-004
  1.70073300208761004E-004
  1.87934608771917378E-004
  2.07671734075248109E-004
  2.29481676715337379E-004
  2.53582126535337898E-004
  2.80213635435261886E-004
  3.09642018373497982E-004
  3.42161006524482783E-004
  3.78095179074273318E-004
  4.17803202916922371E-004
  4.61681412587776959E-004
  5.10167766165805343E-004
  5.63746216629685279E-004
  6.22951542299117673E-004
  6.88374684575070736E-004
  7.60668646256114529E-004
  8.40555009303234715E-004
  9.28831137108381910E-004
  1.02637813315418266E-003
  1.13416963550193794E-003
  1.25328153488765497E-003
  1.37860968837642036E-003
  1.50393784186518597E-003
  1.62926599535395157E-003
  1.75459414884271696E-003
  1.87992230233148235E-003
  2.00525045582024795E-003
  2.13057860930901356E-003
  2.25590676279777917E-003
  2.38123491628654434E-003
  2.50656306977530994E-003
  2.63189122326407555E-003
  2.75721937675284072E-003
  2.88254753024160676E-003
  3.00787568373037193E-003
  3.13320383721913710E-003
  3.25853199070790314E-003
  3.38386014419666831E-003
  3.50918829768543435E-003
  3.63451645117419953E-003
  3.75984460466296470E-003
  3.88517275815173074E-003
  4.01050091164049591E-003
  4.13582906512926108E-003
  4.26115721861802712E-003
  4.38648537210679229E-003
  4.51181352559555833E-003
  4.63714167908432350E-003
  4.76246983257308867E-003
  4.88779798606185471E-003
  5.01312613955061988E-003
  5.13845429303938506E-003
  5.26378244652815110E-003
  5.38911060001691627E-003
  5.51443875350568231E-003
  5.63976690699444748E-003
  5.76509506048321352E-003
  5.89042321397197869E-003
  6.01575136746074386E-003
  6.14107952094950990E-003
  6.26640767443827507E-003
  6.39173582792704024E-003
  6.51706398141580628E-003
  6.64239213490457146E-003
  6.76772028839333663E-003
  6.89304844188210267E-003
  7.01837659537086784E-003
  7.14370474885963388E-003
  7.26903290234839905E-003
  7.39436105583716422E-003
  7.51968920932593026E-003
  7.64501736281469543E-003
  7.77034551630346147E-003
  7.89567366979222578E-003
  8.02100182328099182E-003
  8.14632997676975786E-003
  8.27165813025852216E-003
  8.39698628374728820E-003
  8.52231443723605424E-003
  8.64764259072481854E-003
  8.77297074421358458E-003
  8.89829889770235062E-003
  9.02362705119111493E-003
  9.14895520467988096E-003
  9.27428335816864700E-003
  9.39961151165741304E-003
  9.52493966514617735E-003
  9.65026781863494339E-003
  9.77559597212370943E-003
  9.90092412561247373E-003
  1.00262522791012398E-002
  1.01515804325900058E-002
  1.02769085860787718E-002
  1.04022367395675362E-002
  1.05275648930563022E-002
  1.06528930465450682E-002
  1.07782212000338325E-002
  1.09035493535225986E-002
  1.10288775070113646E-002
  1.11542056605001289E-002
  1.12795338139888950E-002
  1.14048619674776610E-002
  1.15301901209664253E-002
  1.16555182744551913E-002
  1.17808464279439574E-002
  1.19061745814327217E-002
  1.20315027349214877E-002
  1.21568308884102538E-002
  1.22821590418990181E-002
  1.24074871953877841E-002
  1.25328153488765501E-002
  1.26581435023653162E-002
  1.27834716558540805E-002
  1.29087998093428465E-002
  1.30341279628316126E-002
  1.31594561163203769E-002
  1.32847842698091429E-002
  1.34101124232979090E-002
  1.35354405767866733E-002
  1.36607687302754393E-002
  1.37860968837642053E-002
  1.39114250372529696E-002
  1.40367531907417357E-002
  1.41620813442305017E-002
  1.42874094977192678E-002
  1.44127376512080321E-002
  1.45380658046967981E-002
  1.46633939581855641E-002
  1.47887221116743284E-002
  1.49140502651630945E-002
  1.50393784186518605E-002
  1.51647065721406248E-002
  1.52900347256293909E-002
  1.54153628791181569E-002
  1.55406910326069212E-002
  1.56660191860956872E-002
  1.57913473395844516E-002
  1.59166754930732159E-002
  1.60420036465619836E-002
  1.61673318000507479E-002
  1.62926599535395122E-002
  1.64179881070282800E-002
  1.65433162605170443E-002
  1.66686444140058121E-002
  1.67939725674945764E-002
  1.69193007209833407E-002
  1.70446288744721050E-002
  1.71699570279608728E-002
  1.72952851814496371E-002
  1.74206133349384014E-002
  1.75459414884271692E-002
  1.76712696419159335E-002
  1.77965977954046978E-002
  1.79219259488934655E-002
  1.80472541023822299E-002
  1.81725822558709942E-002
  1.82979104093597619E-002
  1.84232385628485262E-002
  1.85485667163372905E-002
  1.86738948698260583E-002
  1.87992230233148226E-002
  1.89245511768035869E-002
  1.90498793302923547E-002
  1.91752074837811190E-002
  1.93005356372698868E-002
  1.94258637907586511E-002
  1.95511919442474154E-002
  1.96765200977361832E-002
  1.98018482512249475E-002
  1.99271764047137118E-002
  2.00525045582024795E-002
  2.01778327116912438E-002
  2.03031608651800081E-002
  2.04284890186687759E-002
  2.05538171721575402E-002
  2.06791453256463045E-002
  2.08044734791350723E-002
  2.09298016326238366E-002
  2.10551297861126009E-002
  2.11804579396013687E-002
  2.13057860930901330E-002
  2.14311142465788973E-002
  2.15564424000676651E-002
  2.16817705535564294E-002
  2.18070987070451937E-002
  2.19324268605339615E-002
  2.20577550140227258E-002
  2.21830831675114901E-002
  2.23084113210002578E-002
  2.24337394744890221E-002
  2.25590676279777864E-002
  2.26843957814665542E-002
  2.28097239349553185E-002
  2.29350520884440828E-002
  2.30603802419328506E-002
  2.31857083954216149E-002
  2.33110365489103792E-002
  2.34363647023991470E-002
  2.35616928558879113E-002
  2.36870210093766791E-002
  2.38123491628654434E-002
  2.39376773163542077E-002
  2.40630054698429754E-002
  2.41883336233317398E-002
  2.43136617768205041E-002
  2.44389899303092718E-002
  2.45643180837980361E-002
  2.46896462372868004E-002
  2.48149743907755682E-002
  2.49403025442643325E-002
  2.50656306977530968E-002
  2.51909588512418646E-002
  2.53162870047306289E-002
  2.54416151582193932E-002
  2.55669433117081610E-002
  2.56922714651969253E-002
  2.58175996186856896E-002
  2.59429277721744574E-002
  2.60682559256632217E-002
  2.61935840791519860E-002
  2.63189122326407537E-002
  2.64442403861295181E-002
  2.65695685396182824E-002
  2.66948966931070501E-002
  2.68202248465958144E-002
  2.69455530000845787E-002
  2.70708811535733465E-002
  2.71962093070621108E-002
  2.73215374605508786E-002
  2.74468656140396429E-002
  2.75721937675284072E-002
  2.76975219210171750E-002
  2.78228500745059393E-002
  2.79481782279947036E-002
  2.80735063814834714E-002
  2.81988345349722357E-002
  2.83241626884610000E-002
  2.84494908419497677E-002
  2.85748189954385320E-002
  2.87001471489272963E-002
  2.88254753024160641E-002
  2.89508034559048284E-002
  2.90761316093935927E-002
  2.92014597628823605E-002
  2.93267879163711248E-002
  2.94521160698598891E-002
  2.95774442233486569E-002
  2.97027723768374212E-002
  2.98281005303261855E-002
  2.99534286838149533E-002
  3.00787568373037176E-002
  3.02040849907924819E-002
  3.03294131442812497E-002
  3.04547412977700140E-002
  3.05800694512587783E-002
  3.07053976047475460E-002
  3.08307257582363103E-002
  3.09560539117250746E-002
  3.10813820652138424E-002
  3.12067102187026067E-002
  3.13320383721913745E-002
  3.14573665256801388E-002
  3.15826946791689031E-002
  3.17080228326576744E-002
  3.18333509861464387E-002
  3.19586791396352030E-002
  3.20840072931239673E-002
  3.22093354466127316E-002
  3.23346636001014959E-002
  3.24599917535902671E-002
  3.25853199070790314E-002
  3.27106480605677957E-002
  3.28359762140565600E-002
  3.29613043675453243E-002
  3.30866325210340956E-002
  3.32119606745228599E-002
  3.33372888280116242E-002
  3.34626169815003885E-002
  3.35879451349891528E-002
  3.37132732884779240E-002
  3.38386014419666883E-002
  3.39639295954554526E-002
  3.40892577489442170E-002
  3.42145859024329813E-002
  3.43399140559217456E-002
  3.44652422094105168E-002
  3.45905703628992811E-002
  3.47158985163880454E-002
  3.48412266698768097E-002
  3.49665548233655740E-002
  3.50918829768543383E-002
  3.52172111303431096E-002
  3.53425392838318739E-002
  3.54678674373206382E-002
  3.55931955908094025E-002
  3.57185237442981668E-002
  3.58438518977869311E-002
  3.59691800512757023E-002
  3.60945082047644666E-002
  3.62198363582532309E-002
  3.63451645117419953E-002
  3.64704926652307596E-002
  3.65958208187195239E-002
  3.67211489722082951E-002
  3.68464771256970594E-002
  3.69718052791858237E-002
  3.70971334326745880E-002
  3.72224615861633523E-002
  3.73477897396521236E-002
  3.74731178931408879E-002
  3.75984460466296522E-002
  3.77237742001184165E-002
  3.78491023536071808E-002
  3.79744305070959451E-002
  3.80997586605847163E-002
  3.82250868140734806E-002
  3.83504149675622449E-002
  3.84757431210510092E-002
  3.86010712745397735E-002
  3.87263994280285379E-002
  3.88517275815173091E-002
  3.89770557350060734E-002
  3.91023838884948377E-002
  3.92277120419836020E-002
  3.93530401954723663E-002
  3.94783683489611306E-002
  3.96036965024499019E-002
  3.97290246559386662E-002
  3.98543528094274305E-002
  3.99796809629161948E-002
  4.01050091164049591E-002
  4.02303372698937234E-002
  4.03556654233824946E-002
  4.04809935768712589E-002
  4.06063217303600232E-002
  4.07316498838487875E-002
  4.08569780373375518E-002
  4.09823061908263162E-002
  4.11076343443150874E-002
  4.12329624978038517E-002
  4.13582906512926160E-002
  4.14836188047813803E-002
  4.16089469582701446E-002
  4.17342751117589159E-002
  4.18596032652476802E-002
  4.19849314187364445E-002
  4.21102595722252088E-002
  4.22355877257139731E-002
  4.23609158792027374E-002
  4.24862440326915086E-002
  4.26115721861802729E-002
  4.27369003396690372E-002
  4.28622284931578015E-002
  4.29875566466465658E-002
  4.31128848001353301E-002
  4.32382129536241014E-002
  4.33635411071128657E-002
  4.34888692606016300E-002
  4.36141974140903943E-002
  4.37395255675791586E-002
  4.38648537210679229E-002
  4.39901818745566942E-002
  4.41155100280454585E-002
  4.42408381815342228E-002
  4.43661663350229871E-002
  4.44914944885117514E-002
  4.46168226420005157E-002
  4.47421507954892869E-002
  4.48674789489780512E-002
  4.49928071024668155E-002
  4.51181352559555798E-002
  4.52434634094443441E-002
  4.53687915629331084E-002
  4.54941197164218797E-002
  4.56194478699106440E-002
  4.57447760233994083E-002
  4.58701041768881726E-002
  4.59954323303769369E-002
  4.61207604838657081E-002
  4.62460886373544725E-002
  4.63714167908432368E-002
  4.64967449443320011E-002
  4.66220730978207654E-002
  4.67474012513095297E-002
  4.68727294047983009E-002
  4.69980575582870652E-002
  4.71233857117758295E-002
  4.72487138652645938E-002
  4.73740420187533581E-002
  4.74993701722421224E-002
  4.76246983257308937E-002
  4.77500264792196580E-002
  4.78753546327084223E-002
  4.80006827861971866E-002
  4.81260109396859509E-002
  4.82513390931747152E-002
  4.83766672466634864E-002
  4.85019954001522507E-002
  4.86273235536410151E-002
  4.87526517071297794E-002
  4.88779798606185437E-002
  4.90033080141073080E-002
  4.91286361675960792E-002
  4.92539643210848435E-002
  4.93792924745736078E-002
  4.95046206280623721E-002
  4.96299487815511364E-002
  4.97552769350399077E-002
  4.98806050885286720E-002
  5.00059332420174363E-002
  5.01312613955062006E-002
  5.02565895489949649E-002
  5.03819177024837292E-002
  5.05072458559725004E-002
  5.06325740094612647E-002
  5.07579021629500290E-002
  5.08832303164387934E-002
  5.10085584699275577E-002
  5.11338866234163220E-002
  5.12592147769050932E-002
  5.13845429303938575E-002
  5.15098710838826218E-002
  5.16351992373713861E-002
  5.17605273908601504E-002
  5.18858555443489147E-002
  5.20111836978376860E-002
  5.21365118513264503E-002
  5.22618400048152146E-002
  5.23871681583039789E-002
  5.25124963117927432E-002
  5.26378244652815075E-002
  5.27631526187702787E-002
  5.28884807722590430E-002
  5.30138089257478073E-002
  5.31391370792365716E-002
  5.32644652327253360E-002
  5.33897933862141072E-002
  5.35151215397028715E-002
  5.36404496931916358E-002
  5.37657778466804001E-002
  5.38911060001691644E-002
  5.40164341536579287E-002
  5.41417623071467000E-002
  5.42670904606354643E-002
  5.43924186141242286E-002
  5.45177467676129929E-002
  5.46430749211017572E-002
  5.47684030745905215E-002
  5.48937312280792927E-002
  5.50190593815680570E-002
  5.51443875350568213E-002
  5.52697156885455856E-002
  5.53950438420343499E-002
  5.55203719955231143E-002
  5.56457001490118855E-002
  5.57710283025006498E-002
  5.58963564559894141E-002
  5.60216846094781784E-002
  5.61470127629669427E-002
  5.62723409164557070E-002
  5.63976690699444783E-002
  5.65229972234332426E-002
  5.66483253769220069E-002
  5.67736535304107712E-002
  5.68989816838995355E-002
  5.70243098373882998E-002
  5.71496379908770710E-002
  5.72749661443658353E-002
  5.74002942978545996E-002
  5.75256224513433639E-002
  5.76509506048321282E-002
  5.77762787583208995E-002
  5.79016069118096638E-002
  5.80269350652984281E-002
  5.81522632187871924E-002
  5.82775913722759567E-002
  5.84029195257647210E-002
  5.85282476792534923E-002
  5.86535758327422566E-002
  5.87789039862310209E-002
  5.89042321397197852E-002
  5.90295602932085495E-002
  5.91548884466973138E-002
  5.92802166001860850E-002
  5.94055447536748493E-002
  5.95308729071636136E-002
  5.96562010606523779E-002
  5.97815292141411422E-002
  5.99068573676299065E-002
  6.00321855211186778E-002
  6.01575136746074421E-002
  6.02828418280962064E-002
  6.04081699815849707E-002
  6.05334981350737350E-002
  6.06588262885624993E-002
  6.07841544420512706E-002
  6.09094825955400349E-002
  6.10348107490287992E-002
  6.11601389025175635E-002
  6.12854670560063278E-002
  6.14107952094950921E-002
  6.15361233629838633E-002
  6.16614515164726276E-002
  6.17867796699613919E-002
  6.19121078234501562E-002
  6.20374359769389205E-002
  6.21627641304276918E-002
  6.22880922839164561E-002
  6.24134204374052204E-002
  6.25387485908939778E-002
  6.26640767443827490E-002
  6.27894048978715064E-002
  6.29147330513602776E-002
  6.30400612048490488E-002
  6.31653893583378062E-002
  6.32907175118265775E-002
  6.34160456653153348E-002
  6.35413738188041061E-002
  6.36667019722928773E-002
  6.37920301257816347E-002
  6.39173582792704059E-002
  6.40426864327591772E-002
  6.41680145862479345E-002
  6.42933427397367058E-002
  6.44186708932254631E-002
  6.45439990467142344E-002
  6.46693272002029917E-002
  6.47946553536917630E-002
  6.49199835071805342E-002
  6.50453116606692916E-002
  6.51706398141580628E-002
  6.52959679676468202E-002
  6.54212961211355915E-002
  6.55466242746243627E-002
  6.56719524281131201E-002
  6.57972805816018913E-002
  6.59226087350906487E-002
  6.60479368885794199E-002
  6.61732650420681912E-002
  6.62985931955569485E-002
  6.64239213490457198E-002
  6.65492495025344771E-002
  6.66745776560232484E-002
  6.67999058095120057E-002
  6.69252339630007770E-002
  6.70505621164895482E-002
  6.71758902699783056E-002
  6.73012184234670768E-002
  6.74265465769558342E-002
  6.75518747304446054E-002
  6.76772028839333767E-002
  6.78025310374221341E-002
  6.79278591909109053E-002
  6.80531873443996627E-002
  6.81785154978884339E-002
  6.83038436513771913E-002
  6.84291718048659625E-002
  6.85544999583547338E-002
  6.86798281118434911E-002
  6.88051562653322624E-002
  6.89304844188210197E-002
  6.90558125723097910E-002
  6.91811407257985622E-002
  6.93064688792873196E-002
  6.94317970327760908E-002
  6.95571251862648482E-002
  6.96824533397536194E-002
  6.98077814932423907E-002
  6.99331096467311480E-002
  7.00584378002199193E-002
  7.01837659537086767E-002
  7.03090941071974479E-002
  7.04344222606862053E-002
  7.05597504141749765E-002
  7.06850785676637478E-002
  7.08104067211525051E-002
  7.09357348746412764E-002
  7.10610630281300337E-002
  7.11863911816188050E-002
  7.13117193351075762E-002
  7.14370474885963336E-002
  7.15623756420851048E-002
  7.16877037955738622E-002
  7.18130319490626334E-002
  7.19383601025513908E-002
  7.20636882560401620E-002
  7.21890164095289333E-002
  7.23143445630176906E-002
  7.24396727165064619E-002
  7.25650008699952193E-002
  7.26903290234839905E-002
  7.28156571769727617E-002
  7.29409853304615191E-002
  7.30663134839502904E-002
  7.31916416374390477E-002
  7.33169697909278190E-002
  7.34422979444165902E-002
  7.35676260979053476E-002
  7.36929542513941188E-002
  7.38182824048828762E-002
  7.39436105583716474E-002
  7.40689387118604048E-002
  7.41942668653491760E-002
  7.43195950188379473E-002
  7.44449231723267046E-002
  7.45702513258154759E-002
  7.46955794793042333E-002
  7.48209076327930045E-002
  7.49462357862817757E-002
  7.50715639397705331E-002
  7.51968920932593043E-002
  7.53273925197491950E-002
  7.54578929462390857E-002
  7.55883933727289764E-002
  7.57188937992188671E-002
  7.58493942257087439E-002
  7.59798946521986346E-002
  7.61103950786885253E-002
  7.62408955051784160E-002
  7.63713959316683066E-002
  7.65018963581581973E-002
  7.66323967846480880E-002
  7.67628972111379787E-002
  7.68933976376278694E-002
  7.70238980641177462E-002
  7.71543984906076369E-002
  7.72848989170975276E-002
  7.74153993435874183E-002
  7.75458997700773089E-002
  7.76764001965671996E-002
  7.78069006230570903E-002
  7.79374010495469810E-002
  7.80679014760368717E-002
  7.81984019025267485E-002
  7.83289023290166392E-002
  7.84594027555065299E-002
  7.85899031819964206E-002
  7.87204036084863112E-002
  7.88509040349762019E-002
  7.89814044614660926E-002
  7.91119048879559833E-002
  7.92424053144458740E-002
  7.93729057409357508E-002
  7.95034061674256415E-002
  7.96339065939155322E-002
  7.97644070204054229E-002
  7.98949074468953135E-002
  8.00254078733852042E-002
  8.01559082998750949E-002
  8.02864087263649856E-002
  8.04169091528548763E-002
  8.05474095793447531E-002
  8.06779100058346438E-002
  8.08084104323245345E-002
  8.09389108588144252E-002
  8.10694112853043158E-002
  8.11999117117942065E-002
  8.13304121382840972E-002
  8.14609125647739879E-002
  8.15914129912638786E-002
  8.17219134177537554E-002
  8.18524138442436461E-002
  8.19829142707335368E-002
  8.21134146972234275E-002
  8.22439151237133181E-002
  8.23744155502032088E-002
  8.25049159766930995E-002
  8.26354164031829902E-002
  8.27659168296728809E-002
  8.28964172561627577E-002
  8.30269176826526484E-002
  8.31574181091425391E-002
  8.32879185356324298E-002
  8.34184189621223204E-002
  8.35489193886122111E-002
  8.36794198151021018E-002
  8.38099202415919925E-002
  8.39404206680818832E-002
  8.40709210945717600E-002
  8.42014215210616507E-002
  8.43319219475515414E-002
  8.44624223740414320E-002
  8.45929228005313227E-002
  8.47234232270212134E-002
  8.48539236535111041E-002
  8.49844240800009948E-002
  8.51149245064908855E-002
  8.52454249329807623E-002
  8.53759253594706530E-002
  8.55064257859605437E-002
  8.56369262124504343E-002
  8.57674266389403250E-002
  8.58979270654302157E-002
  8.60284274919201064E-002
  8.61589279184099971E-002
  8.62894283448998878E-002
  8.64199287713897646E-002
  8.65504291978796553E-002
  8.66809296243695460E-002
  8.68114300508594366E-002
  8.69419304773493273E-002
  8.70724309038392180E-002
  8.72029313303291087E-002
  8.73334317568189994E-002
  8.74639321833088901E-002
  8.75944326097987669E-002
  8.77249330362886576E-002
  8.78554334627785483E-002
  8.79859338892684389E-002
  8.81164343157583296E-002
  8.82469347422482203E-002
  8.83774351687381110E-002
  8.85079355952280017E-002
  8.86384360217178924E-002
  8.87689364482077692E-002
  8.88994368746976599E-002
  8.90299373011875506E-002
  8.91604377276774412E-002
  8.92909381541673319E-002
  8.94214385806572226E-002
  8.95519390071471133E-002
  8.96824394336370040E-002
  8.98129398601268947E-002
  8.99434402866167715E-002
  9.00739407131066622E-002
  9.02044411395965529E-002
  9.03349415660864435E-002
  9.04654419925763342E-002
  9.05959424190662249E-002
  9.07264428455561156E-002
  9.08569432720460063E-002
  9.09874436985358970E-002
  9.11179441250257738E-002
  9.12484445515156645E-002
  9.13789449780055552E-002
  9.15094454044954458E-002
  9.16399458309853365E-002
  9.17704462574752272E-002
  9.19009466839651179E-002
  9.20314471104550086E-002
  9.21619475369448993E-002
  9.22924479634347761E-002
  9.24229483899246668E-002
  9.25534488164145575E-002
  9.26839492429044481E-002
  9.28144496693943388E-002
  9.29449500958842295E-002
  9.30754505223741202E-002
  9.32059509488640109E-002
  9.33364513753539016E-002
  9.34669518018437784E-002
  9.35974522283336691E-002
  9.37279526548235598E-002
  9.38584530813134504E-002
  9.39889535078033411E-002
  9.41194539342932318E-002
  9.42499543607831225E-002
  9.43804547872730132E-002
  9.45109552137629039E-002
  9.46414556402527807E-002
  9.47719560667426714E-002
  9.49024564932325621E-002
  9.50329569197224527E-002
  9.51634573462123434E-002
  9.52939577727022341E-002
  9.54244581991921248E-002
  9.55549586256820155E-002
  9.56854590521719062E-002
  9.58159594786617830E-002
  9.59464599051516737E-002
  9.60769603316415644E-002
  9.62074607581314550E-002
  9.63379611846213457E-002
  9.64684616111112364E-002
  9.65989620376011271E-002
  9.67294624640910178E-002
  9.68599628905809085E-002
  9.69904633170707853E-002
  9.71209637435606760E-002
  9.72514641700505666E-002
  9.73819645965404573E-002
  9.75124650230303480E-002
  9.76429654495202387E-002
  9.77734658760101294E-002
  9.79039663025000201E-002
  9.80344667289899108E-002
  9.81649671554797876E-002
  9.82954675819696783E-002
  9.84259680084595689E-002
  9.85564684349494596E-002
  9.86869688614393503E-002
  9.88174692879292410E-002
  9.89479697144191317E-002
  9.90784701409090224E-002
  9.92089705673989131E-002
  9.93394709938887899E-002
  9.94699714203786806E-002
  9.96004718468685712E-002
  9.97309722733584619E-002
  9.98614726998483526E-002
  9.99919731263382433E-002
  0.10012247355282813     
  0.10025297397931801     
  0.10038347440580792     
  0.10051397483229779     
  0.10064447525878768     
  0.10077497568527757     
  0.10090547611176746     
  0.10103597653825735     
  0.10116647696474725     
  0.10129697739123714     
  0.10142747781772701     
  0.10155797824421692     
  0.10168847867070679     
  0.10181897909719669     
  0.10194947952368658     
  0.10207997995017647     
  0.10221048037666636     
  0.10234098080315625     
  0.10247148122964614     
  0.10260198165613602     
  0.10273248208262592     
  0.10286298250911580     
  0.10299348293560569     
  0.10312398336209558     
  0.10325448378858547     
  0.10338498421507536     
  0.10351548464156525     
  0.10364598506805514     
  0.10377648549454502     
  0.10390698592103492     
  0.10403748634752480     
  0.10416798677401469     
  0.10429848720050458     
  0.10442898762699447     
  0.10455948805348436     
  0.10468998847997425     
  0.10482048890646414     
  0.10495098933295402     
  0.10508148975944392     
  0.10521199018593380     
  0.10534249061242369     
  0.10547299103891358     
  0.10560349146540347     
  0.10573399189189336     
  0.10586449231838325     
  0.10599499274487315     
  0.10612549317136302     
  0.10625599359785293     
  0.10638649402434280     
  0.10651699445083271     
  0.10664749487732259     
  0.10677799530381248     
  0.10690849573030237     
  0.10703899615679226     
  0.10716949658328215     
  0.10729999700977202     
  0.10743049743626193     
  0.10756099786275181     
  0.10769149828924171     
  0.10782199871573159     
  0.10795249914222148     
  0.10808299956871137     
  0.10821349999520126     
  0.10834400042169115     
  0.10847450084818103     
  0.10860500127467093     
  0.10873550170116081     
  0.10886600212765071     
  0.10899650255414059     
  0.10912700298063048     
  0.10925750340712037     
  0.10938800383361026     
  0.10951850426010015     
  0.10964900468659003     
  0.10977950511307993     
  0.10991000553956981     
  0.11004050596605972     
  0.11017100639254959     
  0.11030150681903948     
  0.11043200724552937     
  0.11056250767201926     
  0.11069300809850915     
  0.11082350852499903     
  0.11095400895148894     
  0.11108450937797881     
  0.11121500980446872     
  0.11134551023095859     
  0.11147601065744848     
  0.11160651108393838     
  0.11173701151042827     
  0.11186751193691816     
  0.11199801236340803     
  0.11212851278989794     
  0.11225901321638782     
  0.11238951364287772     
  0.11252001406936760     
  0.11265051449585749     
  0.11278101492234738     
  0.11291151534883727     
  0.11304201577532716     
  0.11317251620181704     
  0.11330301662830694     
  0.11343351705479682     
  0.11356401748128672     
  0.11369451790777660     
  0.11382501833426649     
  0.11395551876075638     
  0.11408601918724627     
  0.11421651961373616     
  0.11434702004022604     
  0.11447752046671594     
  0.11460802089320582     
  0.11473852131969572     
  0.11486902174618560     
  0.11499952217267549     
  0.11513002259916538     
  0.11526052302565527     
  0.11539102345214516     
  0.11552152387863504     
  0.11565202430512495     
  0.11578252473161482     
  0.11591302515810473     
  0.11604352558459460     
  0.11617402601108449     
  0.11630452643757438     
  0.11643502686406428     
  0.11656552729055417     
  0.11669602771704404     
  0.11682652814353395     
  0.11695702857002382     
  0.11708752899651373     
  0.11721802942300361     
  0.11734852984949350     
  0.11747903027598339     
  0.11760953070247328     
  0.11774003112896317     
  0.11787053155545305     
  0.11800103198194295     
  0.11813153240843283     
  0.11826203283492273     
  0.11839253326141261     
  0.11852303368790250     
  0.11865353411439239     
  0.11878403454088228     
  0.11891453496737217     
  0.11904503539386205     
  0.11917553582035195     
  0.11930603624684183     
  0.11943653667333173     
  0.11956703709982161     
  0.11969753752631150     
  0.11982803795280139     
  0.11995853837929128     
  0.12008903880578117     
  0.12021953923227105     
  0.12035003965876095     
  0.12048054008525083     
  0.12061104051174074     
  0.12074154093823061     
  0.12087204136472050     
  0.12100254179121039     
  0.12113304221770028     
  0.12126354264419018     
  0.12139404307068005     
  0.12152454349716996     
  0.12165504392365983     
  0.12178554435014974     
  0.12191604477663961     
  0.12204654520312951     
  0.12217704562961940     
  0.12230754605610929     
  0.12243804648259918     
  0.12256854690908905     
  0.12269904733557896     
  0.12282954776206884     
  0.12296004818855874     
  0.12309054861504862     
  0.12322104904153851     
  0.12335154946802840     
  0.12348204989451829     
  0.12361255032100818     
  0.12374305074749806     
  0.12387355117398796     
  0.12400405160047784     
  0.12413455202696774     
  0.12426505245345762     
  0.12439555287994751     
  0.12452605330643740     
  0.12465655373292729     
  0.12478705415941718     
  0.12491755458590706     
  0.12504805501239696     
  0.12517855543888684     
  0.12530905586537672     
  0.12543955629186662     
  0.12557005671835653     
  0.12570055714484640     
  0.12583105757133628     
  0.12596155799782618     
  0.12609205842431606     
  0.12622255885080597     
  0.12635305927729584     
  0.12648355970378572     
  0.12661406013027562     
  0.12674456055676553     
  0.12687506098325541     
  0.12700556140974528     
  0.12713606183623519     
  0.12726656226272506     
  0.12739706268921497     
  0.12752756311570485     
  0.12765806354219472     
  0.12778856396868463     
  0.12791906439517453     
  0.12804956482166441     
  0.12818006524815428     
  0.12831056567464419     
  0.12844106610113407     
  0.12857156652762397     
  0.12870206695411385     
  0.12883256738060372     
  0.12896306780709363     
  0.12909356823358353     
  0.12922406866007341     
  0.12935456908656329     
  0.12948506951305319     
  0.12961556993954307     
  0.12974607036603297     
  0.12987657079252285     
  0.13000707121901273     
  0.13013757164550263     
  0.13026807207199254     
  0.13039857249848241     
  0.13052907292497229     
  0.13065957335146219     
  0.13079007377795207     
  0.13092057420444198     
  0.13105107463093185     
  0.13118157505742173     
  0.13131207548391163     
  0.13144257591040154     
  0.13157307633689141     
  0.13170357676338129     
  0.13183407718987120     
  0.13196457761636107     
  0.13209507804285098     
  0.13222557846934085     
  0.13235607889583073     
  0.13248657932232064     
  0.13261707974881054     
  0.13274758017530042     
  0.13287808060179029     
  0.13300858102828020     
  0.13313908145477008     
  0.13326958188125998     
  0.13340008230774986     
  0.13353058273423973     
  0.13366108316072964     
  0.13379158358721954     
  0.13392208401370942     
  0.13405258444019930     
  0.13418308486668920     
  0.13431358529317908     
  0.13444408571966898     
  0.13457458614615886     
  0.13470508657264874     
  0.13483558699913864     
  0.13496608742562854     
  0.13509658785211842     
  0.13522708827860830     
  0.13535758870509820     
  0.13548808913158808     
  0.13561858955807798     
  0.13574908998456786     
  0.13587959041105774     
  0.13601009083754764     
  0.13614059126403755     
  0.13627109169052742     
  0.13640159211701730     
  0.13653209254350721     
  0.13666259296999708     
  0.13679309339648699     
  0.13692359382297686     
  0.13705409424946674     
  0.13718459467595664     
  0.13731509510244655     
  0.13744559552893643     
  0.13757609595542630     
  0.13770659638191621     
  0.13783709680840611     
  0.13796759723489599     
  0.13809809766138587     
  0.13822859808787574     
  0.13835909851436565     
  0.13848959894085555     
  0.13862009936734543     
  0.13875059979383531     
  0.13888110022032521     
  0.13901160064681511     
  0.13914210107330499     
  0.13927260149979487     
  0.13940310192628474     
  0.13953360235277465     
  0.13966410277926455     
  0.13979460320575443     
  0.13992510363224431     
  0.14005560405873421     
  0.14018610448522412     
  0.14031660491171399     
  0.14044710533820387     
  0.14057760576469375     
  0.14070810619118365     
  0.14083860661767356     
  0.14096910704416343     
  0.14109960747065331     
  0.14123010789714321     
  0.14136060832363312     
  0.14149110875012300     
  0.14162160917661287     
  0.14175210960310275     
  0.14188261002959265     
  0.14201311045608256     
  0.14214361088257244     
  0.14227411130906231     
  0.14240461173555222     
  0.14253511216204212     
  0.14266561258853200     
  0.14279611301502187     
  0.14292661344151175     
  0.14305711386800166     
  0.14318761429449156     
  0.14331811472098144     
  0.14344861514747131     
  0.14357911557396122     
  0.14370961600045112     
  0.14384011642694100     
  0.14397061685343088     
  0.14410111727992075     
  0.14423161770641066     
  0.14436211813290056     
  0.14449261855939044     
  0.14462311898588032     
  0.14475361941237022     
  0.14488411983886013     
  0.14501462026535000     
  0.14514512069183988     
  0.14527562111832976     
  0.14540612154481966     
  0.14553662197130957     
  0.14566712239779944     
  0.14579762282428932     
  0.14592812325077922     
  0.14605862367726913     
  0.14618912410375901     
  0.14631962453024888     
  0.14645012495673876     
  0.14658062538322866     
  0.14671112580971857     
  0.14684162623620844     
  0.14697212666269832     
  0.14710262708918823     
  0.14723312751567813     
  0.14736362794216801     
  0.14749412836865788     
  0.14762462879514776     
  0.14775512922163767     
  0.14788562964812757     
  0.14801613007461745     
  0.14814663050110732     
  0.14827713092759723     
  0.14840763135408713     
  0.14853813178057701     
  0.14866863220706689     
  0.14879913263355676     
  0.14892963306004667     
  0.14906013348653657     
  0.14919063391302645     
  0.14932113433951633     
  0.14945163476600623     
  0.14958213519249614     
  0.14971263561898601     
  0.14984313604547589     
  0.14997363647196577     
  0.15010413689845567     
  0.15023463732494557     
  0.15036513775143545     
  0.15049563817792533     
  0.15062613860441523     
  0.15075663903090514     
  0.15088713945739501     
  0.15101763988388489     
  0.15114814031037477     
  0.15127864073686467     
  0.15140914116335458     
  0.15153964158984445     
  0.15167014201633433     
  0.15180064244282424     
  0.15193114286931414     
  0.15206164329580402     
  0.15219214372229389     
  0.15232264414878377     
  0.15245314457527367     
  0.15258364500176358     
  0.15271414542825346     
  0.15284464585474333     
  0.15297514628123324     
  0.15310564670772314     
  0.15323614713421302     
  0.15336664756070290     
  0.15349714798719277     
  0.15362764841368268     
  0.15375814884017258     
  0.15388864926666246     
  0.15401914969315234     
  0.15414965011964224     
  0.15428015054613214     
  0.15441065097262202     
  0.15454115139911190     
  0.15467165182560177     
  0.15480215225209168     
  0.15493265267858158     
  0.15506315310507146     
  0.15519365353156134     
  0.15532415395805124     
  0.15545465438454115     
  0.15558515481103102     
  0.15571565523752090     
  0.15584615566401078     
  0.15597665609050068     
  0.15610715651699059     
  0.15623765694348046     
  0.15636815736997034     
  0.15649865779646024     
  0.15662915822295015     
  0.15675965864944003     
  0.15689015907592990     
  0.15702065950241978     
  0.15715115992890968     
  0.15728166035539959     
  0.15741216078188947     
  0.15754266120837934     
  0.15767316163486925     
  0.15780366206135915     
  0.15793416248784903     
  0.15806466291433890     
  0.15819516334082878     
  0.15832566376731869     
  0.15845616419380859     
  0.15858666462029847     
  0.15871716504678834     
  0.15884766547327825     
  0.15897816589976815     
  0.15910866632625803     
  0.15923916675274791     
  0.15936966717923778     
  0.15950016760572769     
  0.15963066803221759     
  0.15976116845870747     
  0.15989166888519735     
  0.16002216931168725     
  0.16015266973817716     
  0.16028317016466703     
  0.16041367059115691     
  0.16054417101764679     
  0.16067467144413669     
  0.16080517187062660     
  0.16093567229711647     
  0.16106617272360635     
  0.16119667315009625     
  0.16132717357658616     
  0.16145767400307603     
  0.16158817442956591     
  0.16171867485605579     
  0.16184917528254569     
  0.16197967570903560     
  0.16211017613552547     
  0.16224067656201535     
  0.16237117698850526     
  0.16250167741499516     
  0.16263217784148504     
  0.16276267826797491     
  0.16289317869446479     
  0.16302367912095470     
  0.16315417954744460     
  0.16328467997393448     
  0.16341518040042435     
  0.16354568082691426     
  0.16367618125340416     
  0.16380668167989404     
  0.16393718210638392     
  0.16406768253287379     
  0.16419818295936370     
  0.16432868338585360     
  0.16445918381234348     
  0.16458968423883336     
  0.16472018466532326     
  0.16485068509181316     
  0.16498118551830304     
  0.16511168594479292     
  0.16524218637128280     
  0.16537268679777270     
  0.16550318722426260     
  0.16563368765075248     
  0.16576418807724236     
  0.16589468850373226     
  0.16602518893022217     
  0.16615568935671204     
  0.16628618978320192     
  0.16641669020969180     
  0.16654719063618170     
  0.16667769106267161     
  0.16680819148916148     
  0.16693869191565136     
  0.16706919234214127     
  0.16719969276863117     
  0.16733019319512105     
  0.16746069362161092     
  0.16759119404810080     
  0.16772169447459070     
  0.16785219490108061     
  0.16798269532757049     
  0.16811319575406036     
  0.16824369618055027     
  0.16837419660704017     
  0.16850469703353005     
  0.16863519746001993     
  0.16876569788650980     
  0.16889619831299971     
  0.16902669873948961     
  0.16915719916597949     
  0.16928769959246937     
  0.16941820001895927     
  0.16954870044544917     
  0.16967920087193905     
  0.16980970129842893     
  0.16994020172491880     
  0.17007070215140871     
  0.17020120257789861     
  0.17033170300438849     
  0.17046220343087837     
  0.17059270385736827     
  0.17072320428385818     
  0.17085370471034805     
  0.17098420513683793     
  0.17111470556332781     
  0.17124520598981771     
  0.17137570641630762     
  0.17150620684279749     
  0.17163670726928737     
  0.17176720769577727     
  0.17189770812226718     
  0.17202820854875706     
  0.17215870897524693     
  0.17228920940173681     
  0.17241970982822671     
  0.17255021025471662     
  0.17268071068120650     
  0.17281121110769637     
  0.17294171153418628     
  0.17307221196067618     
  0.17320271238716606     
  0.17333321281365593     
  0.17346371324014581     
  0.17359421366663572     
  0.17372471409312562     
  0.17385521451961550     
  0.17398571494610537     
  0.17411621537259528     
  0.17424671579908518     
  0.17437721622557506     
  0.17450771665206494     
  0.17463821707855481     
  0.17476871750504472     
  0.17489921793153462     
  0.17502971835802450     
  0.17516021878451438     
  0.17529071921100428     
  0.17542121963749416     
  0.17555172006398406     
  0.17568222049047394     
  0.17581272091696382     
  0.17594322134345372     
  0.17607372176994363     
  0.17620422219643350     
  0.17633472262292338     
  0.17646522304941328     
  0.17659572347590316     
  0.17672622390239306     
  0.17685672432888294     
  0.17698722475537282     
  0.17711772518186272     
  0.17724822560835263     
  0.17737872603484250     
  0.17750922646133238     
  0.17763972688782229     
  0.17777022731431216     
  0.17790072774080207     
  0.17803122816729194     
  0.17816172859378182     
  0.17829222902027173     
  0.17842272944676163     
  0.17855322987325151     
  0.17868373029974138     
  0.17881423072623129     
  0.17894473115272116     
  0.17907523157921107     
  0.17920573200570095     
  0.17933623243219082     
  0.17946673285868073     
  0.17959723328517063     
  0.17972773371166051     
  0.17985823413815039     
  0.17998873456464029     
  0.18011923499113017     
  0.18024973541762007     
  0.18038023584410995     
  0.18051073627059983     
  0.18064123669708973     
  0.18077173712357963     
  0.18090223755006951     
  0.18103273797655939     
  0.18116323840304929     
  0.18129373882953917     
  0.18142423925602907     
  0.18155473968251895     
  0.18168524010900883     
  0.18181574053549873     
  0.18194624096198864     
  0.18207674138847851     
  0.18220724181496839     
  0.18233774224145829     
  0.18246824266794817     
  0.18259874309443808     
  0.18272924352092795     
  0.18285974394741783     
  0.18299024437390773     
  0.18312074480039764     
  0.18325124522688752     
  0.18338174565337739     
  0.18351224607986730     
  0.18364274650635717     
  0.18377324693284708     
  0.18390374735933696     
  0.18403424778582683     
  0.18416474821231674     
  0.18429524863880664     
  0.18442574906529652     
  0.18455624949178639     
  0.18468674991827630     
  0.18481725034476618     
  0.18494775077125608     
  0.18507825119774596     
  0.18520875162423583     
  0.18533925205072574     
  0.18546975247721564     
  0.18560025290370552     
  0.18573075333019540     
  0.18586125375668530     
  0.18599175418317518     
  0.18612225460966508     
  0.18625275503615496     
  0.18638325546264484     
  0.18651375588913474     
  0.18664425631562465     
  0.18677475674211452     
  0.18690525716860440     
  0.18703575759509430     
  0.18716625802158418     
  0.18729675844807409     
  0.18742725887456396     
  0.18755775930105384     
  0.18768825972754374     
  0.18781876015403365     
  0.18794926058052353     
  0.18807976100701340     
  0.18821026143350331     
  0.18834076185999318     
  0.18847126228648309     
  0.18860176271297296     
  0.18873226313946284     
  0.18886276356595275     
  0.18899326399244265     
  0.18912376441893253     
  0.18925426484542240     
  0.18938476527191231     
  0.18951526569840219     
  0.18964576612489209     
  0.18977626655138197     
  0.18990676697787184     
  0.19003726740436175     
  0.19016776783085165     
  0.19029826825734153     
  0.19042876868383141     
  0.19055926911032131     
  0.19068976953681119     
  0.19082026996330109     
  0.19095077038979097     
  0.19108127081628085     
  0.19121177124277075     
  0.19134227166926066     
  0.19147277209575053     
  0.19160327252224041     
  0.19173377294873031     
  0.19186427337522019     
  0.19199477380171009     
  0.19212527422819997     
  0.19225577465468985     
  0.19238627508117975     
  0.19251677550766966     
  0.19264727593415953     
  0.19277777636064941     
  0.19290827678713932     
  0.19303877721362919     
  0.19316927764011910     
  0.19329977806660897     
  0.19343027849309885     
  0.19356077891958876     
  0.19369127934607866     
  0.19382177977256854     
  0.19395228019905841     
  0.19408278062554832     
  0.19421328105203819     
  0.19434378147852810     
  0.19447428190501798     
  0.19460478233150785     
  0.19473528275799776     
  0.19486578318448766     
  0.19499628361097754     
  0.19512678403746742     
  0.19525728446395732     
  0.19538778489044720     
  0.19551828531693710     
  0.19564878574342698     
  0.19577928616991686     
  0.19590978659640676     
  0.19604028702289666     
  0.19617078744938654     
  0.19630128787587642     
  0.19643178830236632     
  0.19656228872885620     
  0.19669278915534610     
  0.19682328958183598     
  0.19695379000832586     
  0.19708429043481576     
  0.19721479086130567     
  0.19734529128779554     
  0.19747579171428542     
  0.19760629214077532     
  0.19773679256726520     
  0.19786729299375511     
  0.19799779342024498     
  0.19812829384673486     
  0.19825879427322476     
  0.19838929469971467     
  0.19851979512620455     
  0.19865029555269442     
  0.19878079597918433     
  0.19891129640567420     
  0.19904179683216411     
  0.19917229725865399     
  0.19930279768514386     
  0.19943329811163377     
  0.19956379853812367     
  0.19969429896461355     
  0.19982479939110342     
  0.19995529981759333     
  0.20008580024408321     
  0.20021630067057311     
  0.20034680109706299     
  0.20047730152355289     
  0.20060780195004277     
  0.20073830237653265     
  0.20086880280302255     
  0.20099930322951243     
  0.20112980365600233     
  0.20126030408249221     
  0.20139080450898211     
  0.20152130493547199     
  0.20165180536196189     
  0.20178230578845177     
  0.20191280621494165     
  0.20204330664143155     
  0.20217380706792143     
  0.20230430749441133     
  0.20243480792090121     
  0.20256530834739112     
  0.20269580877388099     
  0.20282630920037090     
  0.20295680962686077     
  0.20308731005335065     
  0.20321781047984055     
  0.20334831090633043     
  0.20347881133282034     
  0.20360931175931021     
  0.20373981218580012     
  0.20387031261228999     
  0.20400081303877990     
  0.20413131346526978     
  0.20426181389175965     
  0.20439231431824956     
  0.20452281474473943     
  0.20465331517122934     
  0.20478381559771922     
  0.20491431602420912     
  0.20504481645069900     
  0.20517531687718890     
  0.20530581730367878     
  0.20543631773016865     
  0.20556681815665856     
  0.20569731858314844     
  0.20582781900963834     
  0.20595831943612822     
  0.20608881986261812     
  0.20621932028910800     
  0.20634982071559790     
  0.20648032114208778     
  0.20661082156857766     
  0.20674132199506756     
  0.20687182242155744     
  0.20700232284804734     
  0.20713282327453722     
  0.20726332370102712     
  0.20739382412751700     
  0.20752432455400691     
  0.20765482498049678     
  0.20778532540698666     
  0.20791582583347656     
  0.20804632625996644     
  0.20817682668645635     
  0.20830732711294622     
  0.20843782753943613     
  0.20856832796592600     
  0.20869882839241591     
  0.20882932881890579     
  0.20895982924539566     
  0.20909032967188557     
  0.20922083009837544     
  0.20935133052486535     
  0.20948183095135522     
  0.20961233137784513     
  0.20974283180433501     
  0.20987333223082491     
  0.21000383265731479     
  0.21013433308380466     
  0.21026483351029457     
  0.21039533393678445     
  0.21052583436327435     
  0.21065633478976423     
  0.21078683521625413     
  0.21091733564274401     
  0.21104783606923391     
  0.21117833649572379     
  0.21130883692221367     
  0.21143933734870357     
  0.21156983777519345     
  0.21170033820168335     
  0.21183083862817323     
  0.21196133905466313     
  0.21209183948115301     
  0.21222233990764292     
  0.21235284033413279     
  0.21248334076062267     
  0.21261384118711257     
  0.21274434161360245     
  0.21287484204009235     
  0.21300534246658223     
  0.21313584289307214     
  0.21326634331956201     
  0.21339684374605192     
  0.21352734417254179     
  0.21365784459903167     
  0.21378834502552158     
  0.21391884545201145     
  0.21404934587850136     
  0.21417984630499123     
  0.21431034673148114     
  0.21444084715797102     
  0.21457134758446092     
  0.21470184801095080     
  0.21483234843744067     
  0.21496284886393058     
  0.21509334929042045     
  0.21522384971691036     
  0.21535435014340024     
  0.21548485056989014     
  0.21561535099638002     
  0.21574585142286992     
  0.21587635184935980     
  0.21600685227584968     
  0.21613735270233958     
  0.21626785312882946     
  0.21639835355531936     
  0.21652885398180924     
  0.21665935440829914     
  0.21678985483478902     
  0.21692035526127892     
  0.21705085568776880     
  0.21718135611425868     
  0.21731185654074858     
  0.21744235696723846     
  0.21757285739372836     
  0.21770335782021824     
  0.21783385824670815     
  0.21796435867319802     
  0.21809485909968793     
  0.21822535952617780     
  0.21835585995266768     
  0.21848636037915758     
  0.21861686080564746     
  0.21874736123213737     
  0.21887786165862724     
  0.21900836208511715     
  0.21913886251160702     
  0.21926936293809693     
  0.21939986336458681     
  0.21953036379107668     
  0.21966086421756659     
  0.21979136464405646     
  0.21992186507054637     
  0.22005236549703625     
  0.22018286592352615     
  0.22031336635001603     
  0.22044386677650593     
  0.22057436720299581     
  0.22070486762948568     
  0.22083536805597559     
  0.22096586848246547     
  0.22109636890895537     
  0.22122686933544525     
  0.22135736976193515     
  0.22148787018842503     
  0.22161837061491493     
  0.22174887104140481     
  0.22187937146789469     
  0.22200987189438459     
  0.22214037232087447     
  0.22227087274736437     
  0.22240137317385425     
  0.22253187360034415     
  0.22266237402683403     
  0.22279287445332394     
  0.22292337487981381     
  0.22305387530630369     
  0.22318437573279359     
  0.22331487615928347     
  0.22344537658577338     
  0.22357587701226325     
  0.22370637743875316     
  0.22383687786524303     
  0.22396737829173294     
  0.22409787871822281     
  0.22422837914471269     
  0.22435887957120260     
  0.22448937999769247     
  0.22461988042418238     
  0.22475038085067225     
  0.22488088127716216     
  0.22501138170365204     
  0.22514188213014194     
  0.22527238255663182     
  0.22540288298312169     
  0.22553338340961160     
  0.22566388383610148     
  0.22579438426259138     
  0.22592488468908126     
  0.22605538511557116     
  0.22618588554206104     
  0.22631638596855094     
  0.22644688639504082     
  0.22657738682153070     
  0.22670788724802060     
  0.22683838767451048     
  0.22696888810100038     
  0.22709938852749026     
  0.22722988895398016     
  0.22736038938047004     
  0.22749088980695994     
  0.22762139023344982     
  0.22775189065993970     
  0.22788239108642960     
  0.22801289151291948     
  0.22814339193940938     
  0.22827389236589926     
  0.22840439279238917     
  0.22853489321887904     
  0.22866539364536895     
  0.22879589407185882     
  0.22892639449834870     
  0.22905689492483861     
  0.22918739535132848     
  0.22931789577781839     
  0.22944839620430826     
  0.22957889663079817     
  0.22970939705728805     
  0.22983989748377795     
  0.22997039791026783     
  0.23010089833675770     
  0.23023139876324761     
  0.23036189918973748     
  0.23049239961622739     
  0.23062290004271727     
  0.23075340046920717     
  0.23088390089569705     
  0.23101440132218695     
  0.23114490174867683     
  0.23127540217516671     
  0.23140590260165661     
  0.23153640302814649     
  0.23166690345463639     
  0.23179740388112627     
  0.23192790430761617     
  0.23205840473410605     
  0.23218890516059595     
  0.23231940558708583     
  0.23244990601357571     
  0.23258040644006561     
  0.23271090686655549     
  0.23284140729304539     
  0.23297190771953527     
  0.23310240814602518     
  0.23323290857251505     
  0.23336340899900496     
  0.23349390942549483     
  0.23362440985198471     
  0.23375491027847461     
  0.23388541070496449     
  0.23401591113145440     
  0.23414641155794427     
  0.23427691198443418     
  0.23440741241092405     
  0.23453791283741396     
  0.23466841326390384     
  0.23479891369039371     
  0.23492941411688362     
  0.23505991454337349     
  0.23519041496986340     
  0.23532091539635328     
  0.23545141582284318     
  0.23558191624933306     
  0.23571241667582296     
  0.23584291710231284     
  0.23597341752880271     
  0.23610391795529262     
  0.23623441838178250     
  0.23636491880827240     
  0.23649541923476228     
  0.23662591966125218     
  0.23675642008774206     
  0.23688692051423196     
  0.23701742094072184     
  0.23714792136721172     
  0.23727842179370162     
  0.23740892222019150     
  0.23753942264668140     
  0.23766992307317128     
  0.23780042349966118     
  0.23793092392615106     
  0.23806142435264097     
  0.23819192477913084     
  0.23832242520562072     
  0.23845292563211062     
  0.23858342605860050     
  0.23871392648509041     
  0.23884442691158028     
  0.23897492733807019     
  0.23910542776456006     
  0.23923592819104997     
  0.23936642861753984     
  0.23949692904402972     
  0.23962742947051963     
  0.23975792989700950     
  0.23988843032349941     
  0.24001893074998928     
  0.24014943117647919     
  0.24027993160296907     
  0.24041043202945897     
  0.24054093245594885     
  0.24067143288243872     
  0.24080193330892863     
  0.24093243373541851     
  0.24106293416190841     
  0.24119343458839829     
  0.24132393501488819     
  0.24145443544137807     
  0.24158493586786797     
  0.24171543629435785     
  0.24184593672084773     
  0.24197643714733763     
  0.24210693757382751     
  0.24223743800031741     
  0.24236793842680729     
  0.24249843885329719     
  0.24262893927978707     
  0.24275943970627697     
  0.24288994013276685     
  0.24302044055925673     
  0.24315094098574663     
  0.24328144141223651     
  0.24341194183872641     
  0.24354244226521629     
  0.24367294269170620     
  0.24380344311819607     
  0.24393394354468598     
  0.24406444397117585     
  0.24419494439766573     
  0.24432544482415564     
  0.24445594525064551     
  0.24458644567713542     
  0.24471694610362529     
  0.24484744653011520     
  0.24497794695660507     
  0.24510844738309498     
  0.24523894780958486     
  0.24536944823607473     
  0.24549994866256464     
  0.24563044908905451     
  0.24576094951554442     
  0.24589144994203430     
  0.24602195036852420     
  0.24615245079501408     
  0.24628295122150398     
  0.24641345164799386     
  0.24654395207448374     
  0.24667445250097364     
  0.24680495292746352     
  0.24693545335395342     
  0.24706595378044330     
  0.24719645420693320     
  0.24732695463342308     
  0.24745745505991298     
  0.24758795548640286     
  0.24771845591289274     
  0.24784895633938264     
  0.24797945676587252     
  0.24810995719236242     
  0.24824045761885230     
  0.24837095804534221     
  0.24850145847183208     
  0.24863195889832199     
  0.24876245932481186     
  0.24889295975130174     
  0.24902346017779164     
  0.24915396060428152     
  0.24928446103077143     
  0.24941496145726130     
  0.24954546188375121     
  0.24967596231024108     
  0.24980646273673099     
  0.24993696316322087     
  0.25006746358971077     
  0.25019796401620065     
  0.25032846444269052     
  0.25045896486918040     
  0.25058946529567028     
  0.25071996572216021     
  0.25085046614865009     
  0.25098096657514002     
  0.25111146700162990     
  0.25124196742811977     
  0.25137246785460965     
  0.25150296828109953     
  0.25163346870758940     
  0.25176396913407928     
  0.25189446956056921     
  0.25202496998705909     
  0.25215547041354902     
  0.25228597084003890     
  0.25241647126652877     
  0.25254697169301865     
  0.25267747211950853     
  0.25280797254599841     
  0.25293847297248828     
  0.25306897339897821     
  0.25319947382546809     
  0.25332997425195802     
  0.25346047467844790     
  0.25359097510493778     
  0.25372147553142765     
  0.25385197595791753     
  0.25398247638440741     
  0.25411297681089728     
  0.25424347723738722     
  0.25437397766387709     
  0.25450447809036703     
  0.25463497851685690     
  0.25476547894334678     
  0.25489597936983666     
  0.25502647979632653     
  0.25515698022281641     
  0.25528748064930629     
  0.25541798107579622     
  0.25554848150228610     
  0.25567898192877603     
  0.25580948235526590     
  0.25593998278175578     
  0.25607048320824566     
  0.25620098363473554     
  0.25633148406122541     
  0.25646198448771529     
  0.25659248491420522     
  0.25672298534069510     
  0.25685348576718503     
  0.25698398619367491     
  0.25711448662016478     
  0.25724498704665466     
  0.25737548747314454     
  0.25750598789963441     
  0.25763648832612429     
  0.25776698875261422     
  0.25789748917910410     
  0.25802798960559403     
  0.25815849003208391     
  0.25828899045857379     
  0.25841949088506366     
  0.25854999131155354     
  0.25868049173804342     
  0.25881099216453329     
  0.25894149259102323     
  0.25907199301751310     
  0.25920249344400303     
  0.25933299387049291     
  0.25946349429698279     
  0.25959399472347267     
  0.25972449514996254     
  0.25985499557645242     
  0.25998549600294230     
  0.26011599642943223     
  0.26024649685592210     
  0.26037699728241204     
  0.26050749770890191     
  0.26063799813539179     
  0.26076849856188167     
  0.26089899898837154     
  0.26102949941486142     
  0.26115999984135130     
  0.26129050026784123     
  0.26142100069433111     
  0.26155150112082104     
  0.26168200154731092     
  0.26181250197380079     
  0.26194300240029067     
  0.26207350282678055     
  0.26220400325327042     
  0.26233450367976030     
  0.26246500410625023     
  0.26259550453274011     
  0.26272600495923004     
  0.26285650538571992     
  0.26298700581220980     
  0.26311750623869967     
  0.26324800666518955     
  0.26337850709167943     
  0.26350900751816930     
  0.26363950794465923     
  0.26377000837114911     
  0.26390050879763904     
  0.26403100922412892     
  0.26416150965061880     
  0.26429201007710867     
  0.26442251050359855     
  0.26455301093008843     
  0.26468351135657830     
  0.26481401178306824     
  0.26494451220955811     
  0.26507501263604805     
  0.26520551306253792     
  0.26533601348902780     
  0.26546651391551768     
  0.26559701434200755     
  0.26572751476849743     
  0.26585801519498731     
  0.26598851562147724     
  0.26611901604796712     
  0.26624951647445705     
  0.26638001690094693     
  0.26651051732743680     
  0.26664101775392668     
  0.26677151818041656     
  0.26690201860690643     
  0.26703251903339631     
  0.26716301945988624     
  0.26729351988637612     
  0.26742402031286605     
  0.26755452073935593     
  0.26768502116584580     
  0.26781552159233568     
  0.26794602201882556     
  0.26807652244531543     
  0.26820702287180531     
  0.26833752329829524     
  0.26846802372478512     
  0.26859852415127505     
  0.26872902457776493     
  0.26885952500425481     
  0.26899002543074468     
  0.26912052585723456     
  0.26925102628372444     
  0.26938152671021431     
  0.26951202713670425     
  0.26964252756319412     
  0.26977302798968406     
  0.26990352841617393     
  0.27003402884266381     
  0.27016452926915369     
  0.27029502969564356     
  0.27042553012213344     
  0.27055603054862332     
  0.27068653097511325     
  0.27081703140160313     
  0.27094753182809306     
  0.27107803225458293     
  0.27120853268107281     
  0.27133903310756269     
  0.27146953353405257     
  0.27160003396054244     
  0.27173053438703232     
  0.27186103481352225     
  0.27199153524001213     
  0.27212203566650206     
  0.27225253609299194     
  0.27238303651948181     
  0.27251353694597169     
  0.27264403737246157     
  0.27277453779895144     
  0.27290503822544132     
  0.27303553865193125     
  0.27316603907842113     
  0.27329653950491106     
  0.27342703993140094     
  0.27355754035789082     
  0.27368804078438069     
  0.27381854121087057     
  0.27394904163736045     
  0.27407954206385032     
  0.27421004249034026     
  0.27434054291683013     
  0.27447104334332006     
  0.27460154376980994     
  0.27473204419629982     
  0.27486254462278970     
  0.27499304504927957     
  0.27512354547576945     
  0.27525404590225933     
  0.27538454632874926     
  0.27551504675523913     
  0.27564554718172901     
  0.27577604760821894     
  0.27590654803470882     
  0.27603704846119870     
  0.27616754888768857     
  0.27629804931417845     
  0.27642854974066833     
  0.27655905016715826     
  0.27668955059364814     
  0.27682005102013801     
  0.27695055144662795     
  0.27708105187311782     
  0.27721155229960770     
  0.27734205272609758     
  0.27747255315258745     
  0.27760305357907733     
  0.27773355400556726     
  0.27786405443205714     
  0.27799455485854702     
  0.27812505528503695     
  0.27825555571152683     
  0.27838605613801670     
  0.27851655656450658     
  0.27864705699099646     
  0.27877755741748633     
  0.27890805784397626     
  0.27903855827046614     
  0.27916905869695602     
  0.27929955912344595     
  0.27943005954993583     
  0.27956055997642570     
  0.27969106040291558     
  0.27982156082940546     
  0.27995206125589533     
  0.28008256168238527     
  0.28021306210887514     
  0.28034356253536502     
  0.28047406296185495     
  0.28060456338834483     
  0.28073506381483471     
  0.28086556424132458     
  0.28099606466781446     
  0.28112656509430434     
  0.28125706552079427     
  0.28138756594728415     
  0.28151806637377402     
  0.28164856680026396     
  0.28177906722675383     
  0.28190956765324371     
  0.28204006807973359     
  0.28217056850622346     
  0.28230106893271334     
  0.28243156935920327     
  0.28256206978569315     
  0.28269257021218303     
  0.28282307063867296     
  0.28295357106516283     
  0.28308407149165271     
  0.28321457191814259     
  0.28334507234463246     
  0.28347557277112234     
  0.28360607319761227     
  0.28373657362410215     
  0.28386707405059203     
  0.28399757447708196     
  0.28412807490357184     
  0.28425857533006171     
  0.28438907575655159     
  0.28451957618304147     
  0.28465007660953134     
  0.28478057703602128     
  0.28491107746251115     
  0.28504157788900103     
  0.28517207831549096     
  0.28530257874198084     
  0.28543307916847072     
  0.28556357959496059     
  0.28569408002145047     
  0.28582458044794035     
  0.28595508087443028     
  0.28608558130092016     
  0.28621608172741003     
  0.28634658215389996     
  0.28647708258038984     
  0.28660758300687972     
  0.28673808343336959     
  0.28686858385985947     
  0.28699908428634935     
  0.28712958471283928     
  0.28726008513932916     
  0.28739058556581903     
  0.28752108599230897     
  0.28765158641879884     
  0.28778208684528872     
  0.28791258727177860     
  0.28804308769826847     
  0.28817358812475835     
  0.28830408855124828     
  0.28843458897773816     
  0.28856508940422804     
  0.28869558983071797     
  0.28882609025720785     
  0.28895659068369772     
  0.28908709111018760     
  0.28921759153667748     
  0.28934809196316735     
  0.28947859238965729     
  0.28960909281614716     
  0.28973959324263704     
  0.28987009366912697     
  0.29000059409561685     
  0.29013109452210673     
  0.29026159494859660     
  0.29039209537508648     
  0.29052259580157636     
  0.29065309622806629     
  0.29078359665455616     
  0.29091409708104604     
  0.29104459750753597     
  0.29117509793402585     
  0.29130559836051573     
  0.29143609878700560     
  0.29156659921349548     
  0.29169709963998536     
  0.29182760006647529     
  0.29195810049296517     
  0.29208860091945504     
  0.29221910134594498     
  0.29234960177243485     
  0.29248010219892473     
  0.29261060262541461     
  0.29274110305190448     
  0.29287160347839436     
  0.29300210390488429     
  0.29313260433137417     
  0.29326310475786405     
  0.29339360518435398     
  0.29352410561084386     
  0.29365460603733373     
  0.29378510646382361     
  0.29391560689031349     
  0.29404610731680336     
  0.29417660774329329     
  0.29430710816978317     
  0.29443760859627305     
  0.29456810902276298     
  0.29469860944925286     
  0.29482910987574273     
  0.29495961030223261     
  0.29509011072872249     
  0.29522061115521236     
  0.29535111158170230     
  0.29548161200819217     
  0.29561211243468205     
  0.29574261286117198     
  0.29587311328766186     
  0.29600361371415174     
  0.29613411414064161     
  0.29626461456713149     
  0.29639511499362137     
  0.29652561542011130     
  0.29665611584660118     
  0.29678661627309105     
  0.29691711669958099     
  0.29704761712607086     
  0.29717811755256074     
  0.29730861797905062     
  0.29743911840554049     
  0.29756961883203037     
  0.29770011925852030     
  0.29783061968501018     
  0.29796112011150006     
  0.29809162053798999     
  0.29822212096447986     
  0.29835262139096974     
  0.29848312181745962     
  0.29861362224394949     
  0.29874412267043937     
  0.29887462309692930     
  0.29900512352341918     
  0.29913562394990906     
  0.29926612437639899     
  0.29939662480288887     
  0.29952712522937874     
  0.29965762565586862     
  0.29978812608235850     
  0.29991862650884837     
  0.30004912693533831     
  0.30017962736182818     
  0.30031012778831806     
  0.30044062821480799     
  0.30057112864129787     
  0.30070162906778775     
  0.30083212949427762     
  0.30096262992076750     
  0.30109313034725738     
  0.30122363077374731     
  0.30135413120023719     
  0.30148463162672706     
  0.30161513205321699     
  0.30174563247970687     
  0.30187613290619675     
  0.30200663333268662     
  0.30213713375917650     
  0.30226763418566638     
  0.30239813461215631     
  0.30252863503864619     
  0.30265913546513606     
  0.30278963589162600     
  0.30292013631811587     
  0.30305063674460575     
  0.30318113717109563     
  0.30331163759758550     
  0.30344213802407538     
  0.30357263845056531     
  0.30370313887705519     
  0.30383363930354507     
  0.30396413973003500     
  0.30409464015652488     
  0.30422514058301475     
  0.30435564100950463     
  0.30448614143599451     
  0.30461664186248438     
  0.30474714228897432     
  0.30487764271546419     
  0.30500814314195407     
  0.30513864356844400     
  0.30526914399493388     
  0.30539964442142375     
  0.30553014484791363     
  0.30566064527440351     
  0.30579114570089339     
  0.30592164612738332     
  0.30605214655387319     
  0.30618264698036307     
  0.30631314740685300     
  0.30644364783334288     
  0.30657414825983276     
  0.30670464868632263     
  0.30683514911281251     
  0.30696564953930239     
  0.30709614996579232     
  0.30722665039228220     
  0.30735715081877207     
  0.30748765124526201     
  0.30761815167175188     
  0.30774865209824176     
  0.30787915252473164     
  0.30800965295122151     
  0.30814015337771139     
  0.30827065380420132     
  0.30840115423069120     
  0.30853165465718108     
  0.30866215508367101     
  0.30879265551016088     
  0.30892315593665076     
  0.30905365636314064     
  0.30918415678963052     
  0.30931465721612039     
  0.30944515764261032     
  0.30957565806910020     
  0.30970615849559008     
  0.30983665892208001     
  0.30996715934856989     
  0.31009765977505976     
  0.31022816020154964     
  0.31035866062803952     
  0.31048916105452939     
  0.31061966148101933     
  0.31075016190750920     
  0.31088066233399908     
  0.31101116276048901     
  0.31114166318697889     
  0.31127216361346877     
  0.31140266403995864     
  0.31153316446644852     
  0.31166366489293840     
  0.31179416531942833     
  0.31192466574591821     
  0.31205516617240808     
  0.31218566659889802     
  0.31231616702538789     
  0.31244666745187777     
  0.31257716787836765     
  0.31270766830485752     
  0.31283816873134740     
  0.31296866915783733     
  0.31309916958432721     
  0.31322967001081709     
  0.31336017043730702     
  0.31349067086379689     
  0.31362117129028677     
  0.31375167171677665     
  0.31388217214326652     
  0.31401267256975640     
  0.31414317299624633     
  0.31427367342273621     
  0.31440417384922609     
  0.31453467427571602     
  0.31466517470220590     
  0.31479567512869577     
  0.31492617555518565     
  0.31505667598167553     
  0.31518717640816540     
  0.31531767683465534     
  0.31544817726114521     
  0.31557867768763509     
  0.31570917811412502     
  0.31583967854061490     
  0.31597017896710478     
  0.31610067939359465     
  0.31623117982008453     
  0.31636168024657441     
  0.31649218067306434     
  0.31662268109955422     
  0.31675318152604409     
  0.31688368195253402     
  0.31701418237902390     
  0.31714468280551378     
  0.31727518323200365     
  0.31740568365849353     
  0.31753618408498341     
  0.31766668451147334     
  0.31779718493796322     
  0.31792768536445309     
  0.31805818579094303     
  0.31818868621743290     
  0.31831918664392278     
  0.31844968707041266     
  0.31858018749690253     
  0.31871068792339241     
  0.31884118834988234     
  0.31897168877637222     
  0.31910218920286210     
  0.31923268962935203     
  0.31936319005584191     
  0.31949369048233178     
  0.31962419090882166     
  0.31975469133531154     
  0.31988519176180141     
  0.32001569218829135     
  0.32014619261478122     
  0.32027669304127110     
  0.32040719346776103     
  0.32053769389425091     
  0.32066819432074078     
  0.32079869474723066     
  0.32092919517372054     
  0.32105969560021042     
  0.32119019602670035     
  0.32132069645319022     
  0.32145119687968010     
  0.32158169730617003     
  0.32171219773265991     
  0.32184269815914979     
  0.32197319858563966     
  0.32210369901212954     
  0.32223419943861942     
  0.32236469986510935     
  0.32249520029159923     
  0.32262570071808910     
  0.32275620114457904     
  0.32288670157106891     
  0.32301720199755879     
  0.32314770242404867     
  0.32327820285053854     
  0.32340870327702842     
  0.32353920370351835     
  0.32366970413000823     
  0.32380020455649811     
  0.32393070498298804     
  0.32406120540947791     
  0.32419170583596779     
  0.32432220626245767     
  0.32445270668894755     
  0.32458320711543742     
  0.32471370754192735     
  0.32484420796841723     
  0.32497470839490711     
  0.32510520882139704     
  0.32523570924788692     
  0.32536620967437679     
  0.32549671010086667     
  0.32562721052735655     
  0.32575771095384648     
  0.32588821138033636     
  0.32601871180682623     
  0.32614921223331611     
  0.32627971265980599     
  0.32641021308629592     
  0.32654071351278580     
  0.32667121393927567     
  0.32680171436576555     
  0.32693221479225548     
  0.32706271521874536     
  0.32719321564523524     
  0.32732371607172511     
  0.32745421649821499     
  0.32758471692470492     
  0.32771521735119480     
  0.32784571777768468     
  0.32797621820417455     
  0.32810671863066448     
  0.32823721905715436     
  0.32836771948364424     
  0.32849821991013411     
  0.32862872033662399     
  0.32875922076311392     
  0.32888972118960380     
  0.32902022161609368     
  0.32915072204258355     
  0.32928122246907349     
  0.32941172289556336     
  0.32954222332205324     
  0.32967272374854312     
  0.32980322417503299     
  0.32993372460152293     
  0.33006422502801280     
  0.33019472545450268     
  0.33032522588099256     
  0.33045572630748249     
  0.33058622673397237     
  0.33071672716046224     
  0.33084722758695212     
  0.33097772801344200     
  0.33110822843993193     
  0.33123872886642181     
  0.33136922929291168     
  0.33149972971940156     
  0.33163023014589149     
  0.33176073057238137     
  0.33189123099887125     
  0.33202173142536112     
  0.33215223185185100     
  0.33228273227834093     
  0.33241323270483081     
  0.33254373313132068     
  0.33267423355781056     
  0.33280473398430049     
  0.33293523441079037     
  0.33306573483728025     
  0.33319623526377012     
  0.33332673569026000     
  0.33345723611674993     
  0.33358773654323981     
  0.33371823696972969     
  0.33384873739621956     
  0.33397923782270950     
  0.33410973824919937     
  0.33424023867568925     
  0.33437073910217913     
  0.33450123952866900     
  0.33463173995515894     
  0.33476224038164881     
  0.33489274080813869     
  0.33502324123462857     
  0.33515374166111850     
  0.33528424208760838     
  0.33541474251409825     
  0.33554524294058813     
  0.33567574336707801     
  0.33580624379356794     
  0.33593674422005781     
  0.33606724464654769     
  0.33619774507303757     
  0.33632824549952750     
  0.33645874592601738     
  0.33658924635250725     
  0.33671974677899713     
  0.33685024720548701     
  0.33698074763197694     
  0.33711124805846682     
  0.33724174848495669     
  0.33737224891144657     
  0.33750274933793650     
  0.33763324976442638     
  0.33776375019091626     
  0.33789425061740613     
  0.33802475104389601     
  0.33815525147038594     
  0.33828575189687582     
  0.33841625232336570     
  0.33854675274985557     
  0.33867725317634551     
  0.33880775360283538     
  0.33893825402932526     
  0.33906875445581514     
  0.33919925488230501     
  0.33932975530879494     
  0.33946025573528482     
  0.33959075616177470     
  0.33972125658826458     
  0.33985175701475451     
  0.33998225744124438     
  0.34011275786773426     
  0.34024325829422414     
  0.34037375872071401     
  0.34050425914720395     
  0.34063475957369382     
  0.34076526000018370     
  0.34089576042667358     
  0.34102626085316351     
  0.34115676127965339     
  0.34128726170614326     
  0.34141776213263314     
  0.34154826255912302     
  0.34167876298561295     
  0.34180926341210283     
  0.34193976383859270     
  0.34207026426508258     
  0.34220076469157251     
  0.34233126511806239     
  0.34246176554455227     
  0.34259226597104214     
  0.34272276639753202     
  0.34285326682402195     
  0.34298376725051183     
  0.34311426767700171     
  0.34324476810349158     
  0.34337526852998151     
  0.34350576895647139     
  0.34363626938296127     
  0.34376676980945114     
  0.34389727023594102     
  0.34402777066243095     
  0.34415827108892083     
  0.34428877151541071     
  0.34441927194190058     
  0.34454977236839052     
  0.34468027279488039     
  0.34481077322137027     
  0.34494127364786015     
  0.34507177407435002     
  0.34520227450083996     
  0.34533277492732983     
  0.34546327535381971     
  0.34559377578030959     
  0.34572427620679952     
  0.34585477663328940     
  0.34598527705977927     
  0.34611577748626915     
  0.34624627791275903     
  0.34637677833924896     
  0.34650727876573884     
  0.34663777919222871     
  0.34676827961871859     
  0.34689878004520852     
  0.34702928047169840     
  0.34715978089818827     
  0.34729028132467815     
  0.34742078175116803     
  0.34755128217765796     
  0.34768178260414784     
  0.34781228303063771     
  0.34794278345712759     
  0.34807328388361752     
  0.34820378431010740     
  0.34833428473659728     
  0.34846478516308715     
  0.34859528558957703     
  0.34872578601606696     
  0.34885628644255684     
  0.34898678686904672     
  0.34911728729553659     
  0.34924778772202653     
  0.37835177003219539     
  0.40745575234236425     
  0.43655973465253312     
